an_rf_ida	an_rf_idb
1	7260
1	10756
1	10757
1	25537
2	7086
2	7087
2	69951
3	7086
3	7087
4	7086
4	7087
5	1625
5	5111
5	5394
11	1351
11	1362
12	9437
12	18910
12	18911
12	19003
12	19004
12	19121
12	21804
12	25691
12	66658
13	2236
13	25552
13	64541
13	77363
14	10786
14	10787
14	17651
14	17654
14	21804
14	22609
14	26621
14	26741
14	26757
14	37117
14	37118
15	1501
15	1502
15	5291
17	1576
17	1578
17	1601
19	13259
19	18126
19	21804
19	46203
25	5476
28	4766
28	5274
28	5275
28	21804
31	1211
31	1214
31	1221
31	5150
31	9028
31	9029
31	9030
31	9031
31	9032
31	9033
31	9036
31	9037
31	9038
31	9039
31	9041
31	12675
31	12692
31	12693
31	12694
31	12697
31	12701
31	12732
31	12733
31	12734
31	12735
31	12736
31	12742
31	12743
31	12745
31	12746
31	12748
31	12751
31	12754
31	12758
31	12781
31	12783
31	12784
31	12786
31	12792
31	12793
31	12794
31	12795
31	12797
31	12798
31	12802
31	12803
31	12804
31	12805
31	12806
31	12807
31	65593
31	70038
31	70067
31	70068
31	70101
31	72598
31	75811
31	75815
31	75816
31	75817
31	75839
31	77338
31	77339
31	77340
31	77341
31	77342
31	77343
31	77371
32	5476
33	7690
33	7691
33	7692
33	7697
33	7698
33	7699
33	7702
33	7703
33	7704
33	7705
33	7708
33	7709
33	11150
33	11151
33	11152
33	19408
33	19409
33	19410
33	19411
33	19412
33	19413
33	19782
33	19783
33	19784
33	19785
33	19786
33	19787
33	19788
33	19789
33	19790
33	19791
33	19792
33	19793
33	19794
33	21804
33	25691
34	2224
34	2227
34	2236
35	13259
35	18168
35	18169
35	18170
35	18171
35	21804
35	46203
35	69938
35	69939
36	431
36	13259
36	18181
36	18182
36	18183
36	18184
36	18185
36	21804
36	25553
36	25554
36	46203
36	69942
36	69943
37	12649
37	12650
37	12651
37	12652
37	12653
37	12654
37	12655
37	12656
37	12657
37	12658
37	12659
37	18152
37	18153
37	18154
37	18155
37	18156
37	21804
37	46203
38	8996
38	13259
38	21804
38	25713
38	46203
38	69940
38	69941
40	4357
40	4365
40	4596
40	4603
40	4607
40	4610
40	4648
40	5363
40	5473
40	10786
40	10787
40	17652
40	17653
40	21804
40	22606
40	22607
40	22608
40	25524
40	26757
40	32795
41	540
41	682
41	754
41	757
41	5363
41	17651
41	17654
41	21804
41	22605
41	22609
41	26621
41	26741
41	37117
41	37118
42	5362
42	21804
42	62031
42	70097
42	78052
44	3145
44	3160
50	3045
50	3061
50	3076
50	3083
50	3116
50	5392
50	18458
50	18459
50	20184
50	20216
50	21803
50	46209
50	62048
50	62049
50	62050
51	2414
51	2416
51	2424
51	5282
51	5284
51	7096
51	22188
51	22190
51	22208
51	69951
52	4880
52	4881
52	4882
52	4883
52	4884
52	4885
52	4886
52	4887
52	4888
52	4889
52	4890
52	21804
58	1990
58	2000
59	20000
59	21804
60	20001
60	20002
60	20003
60	20004
60	21804
62	4894
62	4896
62	5278
62	18553
62	18554
62	18555
62	21804
64	5371
64	67027
64	67028
64	67029
64	67030
64	67031
65	5370
65	5372
66	5371
69	5391
69	5572
69	5573
69	5575
69	5581
69	22148
69	25637
70	5574
70	6993
70	6994
70	6995
70	6996
70	7072
70	7076
70	7277
70	7279
70	10199
70	10200
70	13141
70	17743
70	17758
70	17782
71	5391
71	17743
71	17758
71	17782
72	5278
73	4880
73	4881
73	4882
73	4883
73	4884
73	4885
73	4886
73	4887
73	4888
73	4889
73	4890
74	5274
74	5275
75	5364
75	5365
75	5366
75	5367
75	5368
75	5369
76	5036
76	5038
76	12899
76	12900
76	12901
76	12902
76	12903
76	12944
76	25691
76	25692
76	25693
76	25694
76	25747
76	25868
76	25869
76	25870
76	40193
77	5029
77	5032
77	12945
77	12946
77	12947
77	12948
77	12949
77	12950
77	12951
77	12952
77	12953
77	12954
77	13007
77	25691
77	25692
77	25747
77	62044
78	7096
78	22188
78	22190
78	22208
78	46123
78	64542
78	69951
80	5350
80	5351
80	5357
80	5358
80	5360
80	5361
80	5639
80	22156
81	1549
81	26781
81	26782
81	26789
82	1545
82	26779
82	26780
82	26788
84	5390
85	128
86	5483
87	1345
88	5643
89	5503
89	5640
90	5475
90	5577
90	40190
91	5580
95	7086
95	7087
95	10038
95	25536
98	5836
98	10202
99	6220
99	6241
99	6242
99	6954
99	7002
99	9380
99	9952
99	9961
99	13073
99	13074
99	13079
99	13080
99	13083
99	13084
99	13085
99	13089
99	13091
99	13097
99	13098
99	13099
99	13110
99	13111
99	13112
99	13113
99	13114
99	13115
99	13116
99	13117
99	13118
99	13119
99	13120
99	13121
99	13122
99	25691
99	25766
99	34930
99	66772
100	6240
100	7838
100	9412
100	9555
100	13258
100	21804
100	25691
100	25754
100	25755
100	25756
100	25757
100	25758
100	25759
100	25760
100	25761
100	34931
100	64533
100	66772
101	5497
101	5498
101	5499
101	6127
101	6162
101	6225
101	6238
101	9412
101	9447
101	9449
101	13258
101	25691
101	25725
101	25726
101	25727
101	25728
101	25753
101	34931
101	46174
101	46175
101	46176
101	46177
101	66772
102	10197
102	17639
102	17757
102	17787
102	21800
102	22604
102	25688
102	25724
102	26641
102	26642
102	26644
102	26647
102	26650
102	46257
102	65584
102	65585
102	65586
102	65588
104	6111
104	6112
104	6655
104	6656
104	6657
104	6658
104	6659
104	6660
104	7513
104	7529
104	9456
104	11038
104	11048
104	11049
104	46171
104	46172
104	46173
104	64578
105	10068
105	10074
105	10076
105	10086
105	10087
105	10098
105	10099
105	10100
105	19153
105	19154
105	21804
105	22153
105	25714
105	25716
105	25717
105	25718
105	25719
105	25770
105	66702
105	70019
105	72546
105	72749
105	72750
105	75633
105	75634
105	75636
106	6676
106	6677
106	6775
106	6958
106	9472
106	9473
106	9474
106	25723
106	46178
106	46179
106	46180
106	46181
106	66772
107	6305
107	6310
113	6475
115	7642
115	11173
115	11174
115	19550
115	19551
115	19615
115	19616
115	19677
115	19678
115	19721
115	19722
115	19723
115	19724
115	21804
115	25691
117	9433
117	19009
117	19010
117	21804
117	25691
118	6557
118	6558
118	6559
118	6733
118	6734
118	6783
118	6970
118	10290
118	10291
118	19805
118	19806
118	19807
118	21804
118	22153
118	25770
118	37202
118	37203
118	64507
118	66704
118	70018
118	72599
118	72600
118	75634
118	75635
118	75636
118	75645
118	78132
118	78133
119	6740
119	6741
119	6742
119	6743
119	17648
119	17805
119	19103
119	25729
119	25730
119	72749
119	72821
120	6746
120	6747
120	6749
120	6800
120	6808
120	6821
120	6822
120	7716
120	7717
120	7718
120	11153
120	11154
120	11155
120	11156
120	11157
120	11158
120	11159
120	11160
120	11161
120	11162
120	11163
120	11165
120	11166
120	11167
120	19927
120	19928
120	19929
120	19930
120	19931
120	19932
120	19939
120	19940
120	19941
120	19948
120	19949
120	19950
120	21804
120	22609
120	25559
120	25560
120	64531
120	64532
121	6992
123	6997
123	6998
123	7075
123	7077
123	7078
123	7277
123	7280
123	17743
123	17797
123	22152
123	25637
126	4580
126	11894
126	11895
126	17760
126	21475
126	21476
126	21477
126	21804
126	26759
126	40207
126	64503
126	65576
126	66797
126	72545
126	75649
126	78112
127	6924
127	6926
127	7624
127	7625
127	7626
127	7627
127	11368
127	11370
127	11380
127	20007
127	20008
127	20009
127	72514
127	72548
128	6311
128	6312
133	7072
133	7073
133	7074
133	7078
133	7079
135	7064
135	7065
135	66755
135	66811
135	66812
135	66813
135	66814
136	9101
136	9102
136	9103
136	9104
136	9105
136	9106
136	9107
136	9747
136	9749
136	46263
136	66755
137	7064
137	7065
139	7064
139	7065
139	66755
140	7064
140	7065
140	66755
140	66811
140	66812
140	66813
140	75735
140	75736
140	78148
145	7091
145	7094
145	17765
145	78012
146	7091
146	7092
146	7093
146	7094
146	17765
146	17766
146	17781
146	78012
150	7089
150	7090
151	7089
151	7275
151	10038
152	7086
152	7087
153	7095
153	10030
153	10038
153	26745
154	7086
154	7087
154	10758
155	7095
155	10038
155	18652
155	18653
155	18654
155	18655
156	7173
156	7174
156	7175
156	7176
156	7177
156	7178
156	7179
156	7180
156	10045
156	10046
156	10047
156	72596
157	7107
158	7254
158	17792
158	17793
158	17794
158	17795
158	17796
158	22566
158	26775
158	37066
158	37067
158	37068
158	37069
158	37070
158	66746
159	7271
159	7272
159	7276
160	7100
160	10029
160	10038
160	17646
161	7101
161	7102
162	7100
162	10038
163	7100
164	7260
165	7260
167	7274
169	17754
179	7181
179	7182
179	7183
179	7184
179	7185
179	7186
179	7278
179	10197
179	17761
179	17784
203	8234
203	8235
203	8236
203	8713
203	8714
203	8715
203	8716
203	8722
203	8723
203	8725
203	8726
203	8727
203	8728
203	8729
203	8730
203	8731
203	8732
203	8733
203	8738
203	11931
203	11932
203	11933
203	12084
203	12085
203	12102
203	12103
203	12104
203	12106
203	12107
203	12108
203	12109
203	12110
203	12111
203	12112
203	12113
203	12114
203	12115
203	12116
203	12132
203	12133
203	12134
203	12135
203	12137
203	12138
203	12139
203	12140
203	12142
203	12144
203	12145
203	12148
203	12149
203	12150
203	12151
203	12152
203	12153
203	12154
203	12155
203	12156
203	12157
203	12163
203	12165
203	12166
203	12167
203	17674
203	17675
203	20574
203	20575
203	20576
203	22630
203	22631
203	22632
203	22633
203	22634
203	22635
203	22636
203	22637
203	22638
203	22639
203	22640
203	22641
203	22642
203	22643
203	22644
203	22645
203	22646
203	22647
203	22648
203	22649
203	22650
203	22651
203	22652
203	22653
203	22654
203	22655
203	22656
203	22657
203	22658
203	22659
203	22660
203	22661
203	22662
203	22663
203	22664
203	22665
203	22666
203	22667
203	22668
203	22669
203	22670
203	22671
203	22672
203	22673
203	22674
203	25579
203	25580
203	25581
203	25582
203	25583
203	25584
203	25585
203	25586
203	25587
203	25588
203	25589
203	25590
203	25591
203	25592
203	25593
203	25594
203	25595
203	25596
203	25597
203	25598
203	25599
203	25600
203	25601
203	25602
203	25603
203	25604
203	25605
203	25606
203	29414
203	39540
203	39541
203	39546
203	39553
203	39558
203	39564
203	39565
203	39587
203	39589
203	39590
203	39593
203	46186
203	46187
203	46188
203	46189
203	46190
203	46192
203	46193
203	46194
203	46195
203	46196
203	46197
203	46198
203	46199
203	46200
203	46201
203	64257
203	64258
203	64259
203	64504
203	64535
203	66805
203	67004
203	69948
203	69949
203	70098
203	70099
203	72544
203	72908
203	77351
203	77993
203	77994
203	77995
203	77996
203	78109
203	78110
203	222
203	333
203	444
203	555
203	777
203	888
205	8223
205	8224
205	8225
205	8226
205	8227
205	8228
205	8229
205	8230
206	8209
206	8210
206	8211
206	8212
206	11876
206	11877
206	11878
206	11879
206	11881
206	11896
206	11897
206	11898
206	11899
206	11900
206	11901
206	11902
206	11903
206	11904
206	11905
206	11906
206	11907
206	11908
206	11909
206	11910
206	11911
206	11912
206	11913
206	11914
206	11915
206	11916
206	11917
206	11918
206	11919
206	11920
206	11921
206	11922
206	11923
206	11924
206	11925
206	11926
206	11927
206	11928
206	11929
206	11930
206	11941
206	11942
206	11943
206	21698
206	21699
206	21700
206	21706
206	21707
206	21708
206	21712
206	21713
206	21714
206	21758
206	21759
206	21760
206	21781
206	21782
206	21783
206	21804
206	22606
206	22607
206	22608
206	22679
206	22680
206	22681
206	22682
206	25773
206	25774
206	25775
206	25776
206	25778
206	26759
206	26760
206	43970
206	43971
206	64439
206	66779
206	69947
206	75648
206	78111
208	9417
208	9418
208	9419
208	9420
208	9421
209	10031
209	10032
209	10033
209	10034
209	78012
231	9919
231	9920
231	13069
231	17646
232	9575
232	72834
232	72835
233	8176
233	20264
233	21804
234	9885
234	9886
234	9887
235	9922
235	9923
236	8216
236	8217
236	8218
236	8219
236	8220
236	8221
236	8222
236	21804
237	10036
237	10761
237	10762
238	10037
239	10035
239	10761
239	10762
241	9825
242	66216
248	9897
250	9977
252	9410
252	40194
252	40195
253	1746
253	1747
253	7162
253	7163
253	7164
253	10197
253	13014
253	13015
253	13016
253	13017
253	13018
253	17645
253	25691
253	25767
253	25768
254	7157
254	7164
254	10197
254	13019
254	13022
254	13024
254	13027
254	17645
254	25687
254	25691
254	25769
254	37074
254	37075
254	37076
254	37077
254	37078
254	37079
254	37080
254	37081
254	46121
254	66272
254	66753
254	69933
254	69934
254	69935
255	7624
255	7625
255	7626
255	7627
256	9386
257	9978
260	10038
265	10040
265	10784
265	13132
265	13133
266	5641
266	7067
266	10039
266	10040
266	10041
266	10746
266	10763
266	10764
266	10765
266	10790
268	7066
268	7067
268	7068
268	10039
268	10747
268	10750
268	46211
270	10039
270	10743
270	10784
270	10794
270	10799
270	10800
270	10801
270	22156
271	5485
271	7067
271	7068
271	10039
271	10040
271	10041
271	10745
271	10746
271	10749
271	10768
271	10804
271	13260
274	22572
274	22573
274	78012
277	10751
277	10752
277	10755
277	13131
277	25525
277	25637
283	10782
297	10192
297	17787
297	46257
297	46259
297	46260
297	46261
297	46262
297	46264
311	10196
311	17646
321	10203
321	10744
322	10201
322	10202
322	10204
322	10205
334	10743
334	10784
334	10794
334	10795
334	22156
335	10743
335	10784
335	10794
335	10798
335	22156
336	10743
336	10784
336	10794
336	22156
359	10748
359	10785
381	10766
381	10767
381	10768
381	10769
381	10770
381	10772
391	17646
417	10783
418	13262
435	10796
435	22156
436	10743
436	22156
438	10797
438	22156
439	10743
439	10795
439	22156
440	10797
440	22156
442	10796
442	22156
464	17763
471	7514
471	9447
471	9449
471	9451
471	11019
471	11020
471	11024
471	11032
471	11044
471	17643
471	17767
471	66656
473	10996
473	10997
473	10998
473	10999
473	11000
473	11001
473	22609
473	25722
473	37118
474	11063
474	11067
474	17642
474	21804
474	25721
474	65591
474	72589
474	72590
474	72673
474	72674
474	75617
474	75618
474	75619
474	75827
474	78129
474	78164
479	13055
479	17646
479	17767
479	25691
480	9373
480	13082
480	17767
480	25691
481	13101
481	17767
481	25691
482	17644
482	17767
482	25691
482	64547
483	6159
483	6852
483	6853
483	9283
483	9870
483	13041
483	13042
483	13044
483	13046
483	17646
483	17767
483	18412
483	18413
483	25691
483	66216
484	6143
484	6568
484	6757
484	7145
484	7146
484	7147
484	9251
484	13036
484	13037
484	13038
484	17643
484	17646
484	17767
484	25691
485	6192
485	6843
485	6934
485	9921
485	13066
485	17767
485	18422
485	25691
485	66901
485	70099
486	13108
486	13109
486	25691
487	13092
487	13093
487	13094
487	13095
487	13096
487	25687
487	25691
488	13086
488	13087
489	11882
489	11883
489	11886
489	11887
489	11890
489	11891
489	11892
489	11893
489	20706
489	20707
489	20708
489	20709
489	21804
489	22683
489	22684
489	28922
490	11352
490	25733
490	25734
490	25735
490	25736
490	25737
490	25738
490	25739
490	25740
490	25741
490	25742
490	25743
490	25744
490	25745
490	66772
497	13012
497	13013
497	13014
497	13015
497	17645
497	17762
497	25691
498	13086
498	13087
499	13020
499	13025
499	17645
499	17762
499	25687
499	25691
501	11317
501	11322
501	11325
501	11328
501	11343
501	11350
501	17643
501	17767
501	25691
508	20555
508	21804
508	66796
508	75647
509	12839
510	12855
510	72584
511	12869
511	22161
511	22174
511	25771
511	25772
511	72584
512	12868
512	12869
512	25771
512	25772
512	72584
513	12860
514	12893
514	12894
514	12895
521	22623
521	22720
521	22721
521	22722
521	25527
521	26645
521	26648
521	26651
521	26665
521	26666
521	26670
521	26683
521	26684
521	26745
532	13263
532	13264
532	17764
545	17641
545	17647
545	21808
546	13107
546	17767
546	25691
546	26776
546	26777
546	26778
546	70099
546	77362
571	17745
572	17746
572	17758
572	17782
572	17799
572	22710
572	25637
579	26690
581	25531
581	25532
581	25533
581	25534
594	17782
594	22717
594	22718
594	25686
594	26688
595	17782
595	21819
623	17804
623	40187
631	17769
631	17770
631	17771
631	17772
631	19869
631	19870
631	19871
631	19872
631	19873
631	19874
631	19875
631	21804
644	46273
644	46274
644	46275
644	46276
644	66984
644	72707
644	72708
644	72709
644	72710
644	72711
644	72712
644	72713
645	17761
645	17788
645	17789
645	17790
645	72596
646	17791
646	21816
651	17798
651	17800
651	17801
651	25637
652	17802
652	17803
652	21805
652	21806
663	21801
663	66921
663	66922
663	67022
663	67023
663	67024
663	67025
663	67026
664	21802
664	66921
664	66922
664	67032
664	67033
664	67034
664	67035
671	21463
671	21469
671	21470
671	21473
671	21474
671	21804
671	25701
671	25709
671	25710
671	25711
671	25712
671	64462
671	64535
671	64570
671	72746
671	75803
671	75818
672	21804
672	25731
672	25732
672	26753
672	26754
672	26755
672	32794
672	37102
672	37200
672	37201
672	46164
672	64534
672	64578
672	65589
672	65591
672	69952
672	69960
672	69961
672	69962
672	70066
672	70088
672	70095
672	70096
672	72591
672	72592
672	72595
672	72672
672	72673
672	72674
672	72820
672	75751
672	75777
672	75827
672	78014
672	78044
672	78088
672	78089
672	78095
672	78103
674	17805
674	19367
674	19370
674	19371
674	19372
674	19377
674	19378
674	19768
674	25762
674	25763
674	25764
674	72555
674	72749
674	72821
675	17805
675	18539
675	18540
675	18541
675	18542
675	25609
675	25610
675	25611
675	25612
675	46127
675	46128
675	46129
675	46130
675	46131
675	46132
675	46133
675	46134
675	46135
675	46136
675	46137
675	46138
675	46139
675	46140
675	46141
675	46142
675	46143
675	46144
675	46145
675	46146
675	64440
675	64441
675	64445
675	64446
675	66791
675	66792
675	66793
675	66794
675	66795
677	18458
677	18459
677	18460
677	25613
677	25614
677	25615
677	25616
677	25617
677	25618
677	25619
677	25620
677	25621
678	18385
678	18386
694	21809
694	37105
698	21810
698	21811
698	21812
698	21813
698	21814
698	22157
698	25538
698	25539
698	25779
698	26646
698	26649
698	26652
699	21815
699	22154
699	22155
699	25638
699	25639
700	22159
700	22193
701	22562
702	21817
702	21818
702	22591
702	25546
702	25547
702	25642
702	26671
702	26672
702	37105
702	46122
702	64542
702	72520
702	77355
703	21819
703	26653
704	41724
704	41726
704	64563
704	64564
704	64567
704	64568
704	64569
704	64571
704	64572
705	21820
705	21821
705	21822
705	22585
706	22149
706	26635
707	22150
707	22588
707	26667
708	22151
708	25637
709	22186
709	22187
709	22599
709	75638
709	75639
709	75640
709	75641
709	77347
709	77348
709	77349
710	22567
710	22568
710	22569
710	22570
710	22571
710	22624
710	22711
710	22716
710	25649
710	26659
710	37096
710	37097
710	37098
710	46147
710	64453
710	64454
710	65594
710	65595
710	66781
710	75628
710	78108
711	22574
711	22575
711	22576
711	22577
711	22578
711	22579
711	22580
711	22581
711	22582
711	22583
711	22584
711	22710
711	25637
712	22610
712	22611
712	22612
712	25622
712	25623
712	25624
712	66755
713	7064
713	7065
713	26622
713	26623
713	66755
713	66965
713	66966
713	66967
713	66968
713	66969
713	66970
714	7064
714	7065
715	22586
715	22718
716	22587
717	22587
717	22589
717	22590
717	22592
717	25637
718	22600
718	22601
718	22602
718	22603
719	22572
719	22613
719	22618
719	22619
720	18459
720	18460
720	22620
720	22621
720	22622
720	22685
720	25613
720	25614
720	25615
720	25616
720	25617
720	25618
720	25619
720	25620
720	25621
720	25704
720	25705
720	25706
720	25707
720	25708
720	46159
720	46160
720	66799
720	66801
720	66802
720	66805
720	66807
720	66810
721	22686
721	22687
721	22688
721	22689
721	22690
721	22691
721	22692
721	22693
721	22694
721	22695
721	22696
721	22697
721	22698
721	22699
721	22700
721	22701
721	22702
721	22703
721	64536
721	64537
721	64538
721	64539
721	64540
722	22675
722	22676
722	22677
722	22678
722	25697
722	25698
722	25699
722	39471
722	39472
722	39473
722	64048
722	64049
722	64050
722	64051
722	64052
722	64053
722	65523
722	65524
722	75779
722	75780
722	75781
722	75782
722	75783
722	75784
722	75785
722	75786
722	75787
722	75788
722	75789
723	22625
723	25528
724	22626
724	22627
724	22628
724	22629
725	22704
725	22706
725	25524
726	22705
726	25524
726	26759
726	26760
726	29411
727	22704
727	22705
727	22707
727	26759
727	26760
727	29411
727	29412
728	22708
728	25524
728	25777
728	25778
728	29411
729	22709
729	37083
729	37084
729	37085
729	37086
729	37087
729	37088
729	37089
729	46147
729	46148
729	46149
729	46150
729	46151
729	46152
729	46153
729	46154
729	46155
729	46156
729	46157
730	22712
730	22713
730	22714
730	72513
730	75532
730	75681
730	78006
731	24724
731	24725
731	24726
731	39423
731	39424
731	39425
731	39427
731	43966
731	78053
732	22715
732	25540
732	25541
732	25542
732	25543
732	25544
732	25545
732	25627
733	23944
733	25564
733	25565
733	25566
733	25567
733	25568
733	25569
733	25570
733	25571
733	25572
733	25573
733	25574
733	25575
733	25576
733	25577
733	25578
733	37090
733	37091
733	37092
733	37093
733	43967
733	43968
733	43969
733	64448
733	64449
733	64450
733	64451
733	64452
733	66786
733	66787
733	66788
733	66789
733	66790
734	17782
734	22710
734	22717
734	22718
734	37101
734	37103
734	46116
734	46270
734	46271
734	46272
735	23857
735	23898
735	25561
735	25562
735	25563
735	25765
736	25285
736	25286
736	66656
736	66658
736	72894
736	78126
736	78127
737	66817
739	24925
739	46124
739	46125
739	46126
740	25625
740	25626
741	23027
742	24285
742	25261
742	25264
742	25266
742	25367
742	25691
743	25144
743	25156
743	25269
743	25278
743	25280
743	25281
743	25282
743	25292
744	24333
744	24335
744	25551
744	26770
744	65595
745	24339
745	24340
745	64547
745	66640
745	66641
745	77344
745	77345
745	77346
746	66644
746	66768
746	78000
747	25663
747	66738
747	66756
747	78086
748	25664
748	40199
748	66768
748	70091
748	78084
749	25665
749	25666
749	40200
749	66768
749	70092
749	78087
750	25666
750	25667
750	40203
750	66768
750	78083
751	25668
751	25669
751	25670
751	37210
751	40205
751	66738
751	66765
751	66766
751	70090
751	75658
751	78000
752	25648
752	37210
752	40205
752	66738
752	66756
752	66757
752	66758
752	66759
752	66760
752	66761
752	66762
752	66763
752	66764
752	66800
752	66916
752	66917
752	70090
752	75658
752	78000
753	40204
753	40206
753	66768
753	70093
753	78085
754	25748
754	25749
754	25750
754	25751
754	25752
754	26758
754	66772
755	26660
756	25548
756	25549
756	25557
756	25558
756	25765
756	25782
756	26757
756	64531
756	64532
756	66993
757	25550
757	66975
757	66976
757	66977
758	25555
758	25556
758	26783
758	26784
758	26785
758	26786
758	26787
758	64586
758	64587
758	64588
758	64589
758	66260
758	66261
758	75798
759	6837
759	25556
759	25746
759	25780
759	46170
759	70016
759	75798
761	25628
761	25629
761	25630
761	25631
761	25632
761	25633
761	25634
761	25635
761	25636
763	25643
763	25644
763	25645
763	25646
763	30635
763	37167
763	65584
764	25650
764	25651
764	25652
765	25720
766	26622
766	26624
766	26654
766	26655
766	26656
766	64598
766	64599
766	66965
766	66966
766	66973
767	26625
767	26626
767	26627
767	26628
767	26629
767	26630
767	26631
767	26632
767	26633
767	26634
767	66816
768	25674
768	26622
768	26636
768	26637
768	26638
768	26639
768	26640
768	66755
770	26664
774	26688
775	26688
776	26688
777	26688
778	26688
779	26699
779	26708
779	26709
779	26710
779	26751
779	30633
779	30634
779	34926
779	34927
779	34928
779	34929
779	37061
779	37062
779	37063
779	37064
779	37065
779	37101
779	37116
779	37154
779	37163
779	37167
779	64552
790	19419
790	26711
790	26712
790	26713
790	26714
790	26715
790	26716
790	26719
790	26722
790	26746
790	26747
790	37211
790	37212
790	37213
790	37214
790	37215
790	37216
790	37217
790	37218
790	37219
790	37220
790	37221
790	37222
790	37223
790	37224
790	37225
790	37226
790	37227
790	37228
790	51762
790	64507
790	66658
790	66703
790	70018
790	72548
790	75651
790	78125
791	26759
791	26760
791	26761
792	25691
792	26763
792	26764
792	26765
792	26766
792	26767
792	26769
792	26771
792	26772
792	26773
792	26774
792	26973
792	37186
792	37229
792	38704
792	38705
792	38706
792	38707
792	38708
792	38709
792	38710
792	38711
792	38712
793	26771
793	26772
794	25691
794	66657
794	70099
794	72525
794	77362
797	30663
797	30664
797	32795
797	32796
801	67015
801	67016
801	67017
801	67018
801	67019
801	67020
801	67021
802	25396
802	37188
805	37156
805	37157
805	37158
806	37160
806	37161
806	37162
806	37167
806	37183
806	65584
814	37190
814	37191
814	37192
814	37193
815	37194
815	37195
815	37196
815	37197
816	37191
817	37198
818	37204
818	37205
818	37206
818	37207
818	47286
819	37208
819	40203
819	66768
819	70094
819	78083
820	40184
820	64543
820	64544
820	64546
820	64573
820	66639
820	66657
820	66658
820	66659
820	66674
820	66675
820	66676
820	66677
820	66678
820	66737
820	70099
820	72309
820	72312
820	72525
820	77362
821	40185
821	40191
821	40192
821	40193
822	40186
823	40187
823	64502
824	40188
824	64502
833	46116
833	46118
836	46119
836	46120
837	46210
838	46210
838	46211
838	75753
838	75758
839	46210
839	46211
839	46239
839	46240
839	62033
840	46210
840	46240
841	47284
841	47285
841	66746
842	7064
842	7065
842	62023
842	62024
842	62025
842	62026
842	62027
842	62028
843	62030
843	62046
843	64501
844	62030
844	62046
845	62035
845	62036
845	62037
845	62038
845	64594
845	64595
845	64596
845	64597
845	66755
846	62039
846	62040
846	62041
846	62042
846	64456
846	64535
847	62046
847	66679
847	66680
847	66681
848	62045
848	64502
849	62045
849	66681
849	66690
850	64463
850	64464
850	64465
850	64466
850	64467
850	64468
850	64469
850	64470
850	64471
850	64472
850	64473
850	64474
850	64475
850	64476
850	64477
850	64478
850	64479
850	64480
850	64481
850	64482
850	64483
850	64484
850	64485
850	64486
850	64487
850	64488
850	64489
850	64490
850	64493
850	64494
850	64495
850	64496
850	64497
850	64498
850	64499
850	65532
850	65533
850	65534
850	65570
850	65571
850	65572
850	65573
850	65574
850	65575
851	62045
851	66681
851	66690
852	62045
852	66681
852	66690
853	64508
853	64513
853	64515
853	64516
853	64517
853	64518
853	64519
853	64520
853	64521
853	64522
853	64523
853	64524
853	64525
853	64526
853	64527
853	64574
853	64575
853	66832
853	66833
854	62033
854	64510
855	64547
855	66640
855	66641
855	66642
855	66643
855	66645
855	66646
855	66647
855	66648
855	66649
855	66650
855	66651
855	66652
855	66653
855	66654
855	66655
855	66657
855	66658
855	66659
855	70099
855	72525
855	77362
856	64548
856	66657
856	66661
856	66662
856	66663
856	66664
856	66665
856	66666
856	66667
856	66668
856	70099
856	72525
856	77362
857	10028
857	64549
857	64550
857	64551
857	66657
857	66669
857	66670
857	66671
857	66672
857	66673
857	66751
857	66752
857	70099
857	72525
857	77362
858	64576
858	64577
858	66746
858	66747
858	66748
859	66746
859	72596
860	64577
860	66746
861	7096
861	66738
863	62028
863	64553
863	64554
863	64555
863	64556
863	64557
863	64560
863	64561
863	66755
863	75776
864	64598
864	64599
864	66755
864	66965
864	66966
865	64600
865	75754
866	64601
866	66755
866	66815
867	65576
867	65577
867	66779
867	66780
867	66784
867	72526
867	75650
867	78037
867	78038
867	78039
868	65578
868	65579
868	65587
868	66660
869	65578
869	65580
869	72547
870	65581
870	65582
870	72547
871	65592
871	65596
871	66699
871	66700
871	66989
871	66990
871	66993
872	64454
872	64455
872	65594
872	65595
874	66682
874	66683
874	66684
874	66685
874	66686
874	66691
874	66692
874	66798
874	69963
874	69964
875	66691
875	66782
875	66783
875	66830
875	66992
875	69929
876	56975
876	66119
876	66120
876	75621
876	75622
876	75623
876	75624
878	5378
878	66707
878	66708
878	66709
878	66710
878	66711
878	66712
878	66713
878	66714
878	66715
878	66716
878	66717
878	66718
878	66719
878	66749
878	66772
879	5377
879	5378
879	5379
879	66720
879	66721
879	66722
879	66723
879	66724
879	66725
879	66726
879	66727
879	66728
879	66729
879	66730
879	66731
879	66732
879	66733
879	66734
879	66735
879	66736
879	66772
880	66767
881	66769
881	66902
881	66903
881	70061
882	65584
882	66776
882	75774
883	66808
883	66829
883	66830
883	66992
883	72575
884	66755
884	66965
884	66966
884	66968
884	66969
884	66971
884	66972
885	66820
885	66821
885	66822
885	66823
885	66824
885	66825
885	66826
885	66827
885	66828
885	70019
885	70102
886	66829
886	72846
886	72847
887	75682
887	75683
887	75684
887	75685
887	75686
887	75687
887	75688
887	75689
887	75690
887	75691
887	75692
887	75693
887	75694
887	75695
887	75696
887	75697
887	75698
887	75699
887	75700
887	75701
887	75702
887	75703
887	75704
887	75705
887	75706
887	75707
887	75708
887	75709
887	75710
887	75711
887	75712
887	75713
887	75714
887	75715
887	75716
887	75717
887	75718
887	75719
887	75720
887	75721
887	75722
887	75723
887	75724
887	75725
887	75726
887	75727
887	75728
887	75729
887	78145
890	66834
890	66835
890	66836
890	66837
890	66838
892	10803
892	13273
892	66839
892	66840
892	66841
892	66842
892	66843
892	66844
892	66845
892	66846
892	66847
892	66848
892	66849
892	66850
892	66851
892	66852
892	66853
892	66854
892	66855
892	66856
892	66857
892	66858
892	69936
892	69937
894	66904
894	66905
894	70061
894	78134
897	66906
897	66907
897	70061
899	66908
899	66909
899	70061
901	66910
915	66911
915	66912
915	66914
915	66915
915	66919
915	75644
916	66959
916	66960
916	66961
916	66962
917	66925
917	66926
917	66927
917	66928
917	66929
917	66930
917	66931
917	66932
917	66933
917	66934
917	66935
917	66936
917	66937
917	66938
917	66939
917	66943
917	66944
917	66945
917	66946
917	66947
917	66948
917	66949
917	66950
917	66951
917	66952
917	66953
917	66954
917	66955
917	66956
917	66957
917	66974
917	66986
917	69931
917	69932
917	70089
917	75741
917	75742
917	75743
917	75744
917	75745
917	75746
917	75747
917	75748
917	75760
917	78009
917	78097
918	9939
918	9940
918	13209
918	66986
920	66980
920	66981
920	75646
921	66982
922	64454
922	64455
922	65594
922	65595
922	70061
922	72601
922	72893
922	75730
922	75731
922	75732
923	266
923	67003
923	67014
923	67042
923	67043
923	67044
923	72550
923	72699
923	72700
923	72701
923	72702
923	72703
923	72704
923	72705
923	72706
923	75590
923	75812
924	67005
924	67006
924	67007
924	72550
924	75591
925	67008
925	67009
925	67010
925	67011
925	67012
925	72550
925	72907
925	75835
926	266
926	67039
926	67041
926	72550
926	72691
926	72692
926	72693
926	72694
926	72695
926	72696
926	72697
926	72698
926	75778
926	75799
927	67038
927	72550
927	72747
927	72833
927	72903
927	72904
927	72905
928	266
928	67045
928	67046
928	72550
928	72692
928	72719
928	72720
928	72721
928	72722
928	72723
928	72724
928	72901
928	72902
930	67047
930	67048
930	72550
930	72906
930	75837
931	69911
931	69912
931	69913
931	69914
931	69915
931	69916
931	69917
931	69918
931	69919
931	69922
931	69945
931	69957
931	69958
931	69959
931	70078
931	70079
931	70080
931	70081
931	70082
931	70083
931	72745
931	72751
931	72752
932	69920
932	69923
932	69924
932	69925
932	69926
932	69927
932	69928
932	70017
932	72576
933	69944
933	75737
934	64599
934	69953
934	69954
934	69955
934	69956
934	72581
938	69953
938	69954
938	69955
938	69956
938	72581
939	69953
939	69954
939	69955
939	69956
939	72581
940	69953
940	69954
940	69955
940	69956
940	72581
941	70059
941	70060
941	70087
941	72521
941	72522
941	72523
941	72537
941	72538
941	72539
941	72540
941	72541
941	72542
942	70062
942	70063
942	70064
942	70084
942	70085
942	70086
942	72524
942	72588
942	72596
942	72678
943	70077
945	72514
945	72515
945	72596
946	72516
946	72596
946	75681
946	78006
947	21817
947	72517
947	72518
947	72519
947	72520
947	72585
947	72586
947	72677
947	77355
949	13577
949	72527
949	72528
949	72529
949	72530
949	72531
949	72532
949	72533
949	72534
949	72535
949	72536
949	72587
949	72679
949	72822
949	72823
949	72824
949	72825
949	72826
949	72827
949	72828
949	75587
949	75613
949	75614
949	75615
949	75616
949	75629
949	75630
949	75631
949	75632
949	75641
949	75642
949	75643
949	75759
949	75797
949	75801
949	75802
949	75806
949	75807
949	75808
949	75809
949	75810
949	77348
949	77349
949	77350
949	78004
949	78005
949	78034
950	72378
950	72528
950	72823
950	75627
950	75797
951	72382
951	75626
951	76769
951	76770
951	76771
952	70077
952	72579
952	72580
952	75772
952	75773
953	37204
954	72593
954	77372
955	72596
956	72676
956	72689
957	72678
957	72680
957	72681
957	72682
957	72683
957	72684
957	72685
957	72686
957	72687
957	72688
959	72807
959	72808
959	72809
959	72810
959	75644
960	72829
960	72830
960	72831
960	72832
960	75625
961	64288
961	72863
961	72864
961	75652
961	75670
961	78036
962	72876
962	75790
962	75791
962	75792
962	75793
962	75794
962	75795
962	75796
963	67007
963	72877
963	72878
963	72879
963	72880
963	72881
963	72882
963	72883
963	72884
963	75606
963	77337
964	72885
964	72886
964	72887
964	72888
964	72891
964	72892
964	72898
964	72899
964	72900
964	75594
964	75595
964	75596
964	75599
964	75600
964	75601
965	72889
965	72890
965	72895
965	72896
965	72897
965	75608
965	75805
966	75602
966	75603
966	75604
966	75605
966	75813
966	75814
966	77999
966	78001
966	78002
966	78049
967	75607
968	75609
968	75610
968	75611
968	75612
969	72846
970	75681
971	75653
971	75654
971	75656
971	77364
972	72587
972	75657
972	75666
973	75671
973	75733
973	75757
973	75804
973	78035
974	75680
975	75734
975	75738
975	75739
975	75740
975	75752
975	75755
975	75756
975	75822
975	75823
975	75824
975	75829
975	75830
975	75831
975	75832
975	75833
975	75838
975	77361
975	77374
975	78024
975	78025
975	78026
975	78027
975	78028
975	78029
975	78030
975	78031
975	78032
976	75749
976	75750
977	273
977	274
977	275
977	276
977	75761
977	75764
977	75768
977	75769
977	75770
977	75771
978	75800
981	75834
981	77997
981	77998
982	75836
982	77337
984	65595
984	72596
985	72596
986	72596
987	72596
988	72596
989	64577
989	66746
990	77352
990	77353
990	77354
990	77355
990	77356
990	77357
991	77352
991	77353
991	77354
991	77355
991	77356
991	77357
994	77358
994	77359
994	77360
994	78025
994	78031
994	78041
994	78042
994	78045
995	77367
995	78101
995	78137
995	78138
995	78139
995	78140
996	77365
996	77366
997	77368
997	77369
997	77370
998	77373
999	77375
999	77376
999	77377
999	77378
999	77379
999	77380
999	77381
999	77382
999	77383
999	77384
999	77385
999	77386
999	77387
999	77388
999	77390
999	77391
999	77392
999	77393
999	77394
999	77395
999	77396
999	77397
999	77398
999	77399
999	77400
999	77401
999	77991
999	77992
999	77993
999	77994
999	77995
999	77996
999	77999
999	78010
999	78011
1000	78003
1000	78007
1000	78008
1000	78102
1000	78131
1001	78006
1002	78006
1003	78012
1004	78012
1005	78012
1006	78012
1007	78012
1008	78012
1009	78012
1010	78012
1011	78012
1012	78012
1013	78012
1014	78012
1015	78015
1015	78016
1015	78017
1015	78018
1015	78019
1015	78033
1015	78146
1016	78023
1017	78046
1017	78047
1017	78082
1018	431
1018	25206
1018	66924
1021	78054
1021	78055
1021	78056
1021	78057
1021	78058
1021	78059
1021	78060
1021	78061
1021	78062
1021	78063
1021	78064
1021	78065
1021	78066
1021	78067
1021	78068
1021	78069
1021	78070
1021	78071
1021	78072
1021	78073
1021	78074
1021	78075
1021	78076
1021	78077
1021	78078
1021	78079
1021	78080
1021	78136
1022	78004
1022	78005
1022	78034
1022	78093
1023	78104
1023	78105
1023	78114
1023	78115
1023	78116
1023	78117
1023	78130
1025	78109
1026	78113
1026	78165
1026	78166
1026	78167
1027	78128
1028	78118
1028	78119
1028	78120
1028	78121
1028	78122
1028	78123
1028	78124
1028	78154
1030	72596
1031	106
1031	66273
1031	78141
1031	78142
1031	78143
1031	78144
1032	66913
1036	78150
1037	78155
1037	78156
1037	78157
1037	78158
1037	78159
1037	78160
1037	78161
1037	78162
1038	78163